[LEFT_CAM_2K]
fx=1068.56
fy=1068.67
cx=1085.54
cy=628.225
k1=-0.0662405
k2=0.0481387
p1=-0.000429242
p2=0.00029643
k3=-0.0203162

[RIGHT_CAM_2K]
fx=1071.92
fy=1072.11
cx=1071.19
cy=613.357
k1=-0.0637887
k2=0.0437975
p1=-0.000499429
p2=-0.000599653
k3=-0.0182108

[LEFT_CAM_FHD]
fx=1068.56
fy=1068.67
cx=941.54
cy=547.225
k1=-0.0662405
k2=0.0481387
p1=-0.000429242
p2=0.00029643
k3=-0.0203162

[RIGHT_CAM_FHD]
fx=1071.92
fy=1072.11
cx=927.19
cy=532.357
k1=-0.0637887
k2=0.0437975
p1=-0.000499429
p2=-0.000599653
k3=-0.0182108

[LEFT_CAM_HD]
fx=534.28
fy=534.335
cx=629.27
cy=362.1125
k1=-0.0662405
k2=0.0481387
p1=-0.000429242
p2=0.00029643
k3=-0.0203162

[RIGHT_CAM_HD]
fx=535.96
fy=536.055
cx=622.095
cy=354.6785
k1=-0.0637887
k2=0.0437975
p1=-0.000499429
p2=-0.000599653
k3=-0.0182108

[LEFT_CAM_VGA]
fx=267.14
fy=267.1675
cx=330.135
cy=188.55625
k1=-0.0662405
k2=0.0481387
p1=-0.000429242
p2=0.00029643
k3=-0.0203162

[RIGHT_CAM_VGA]
fx=267.98
fy=268.0275
cx=326.5475
cy=184.83925
k1=-0.0637887
k2=0.0437975
p1=-0.000499429
p2=-0.000599653
k3=-0.0182108

[LEFT_DISTO]
k1=-1.36483
k2=2.6541
k3=0.00754153
k4=-1.28018
k5=2.51651
k6=0.160179
p1=-0.000422447
p2=-6.39247e-05

[RIGHT_DISTO]
k1=-1.37388
k2=3.10119
k3=-0.0079341
k4=-1.28322
k5=2.95487
k6=0.167515
p1=-0.000631854
p2=-0.000495151

[STEREO]
Baseline=119.953
TY=-0.172197
TZ=0.805036
CV_2K=0.00635981
CV_FHD=0.00635981
CV_HD=0.00635981
CV_VGA=0.00635981
RX_2K=0.00173547
RX_FHD=0.00173547
RX_HD=0.00173547
RX_VGA=0.00173547
RZ_2K=0.00127245
RZ_FHD=0.00127245
RZ_HD=0.00127245
RZ_VGA=0.00127245

[MISC]
Sensor_ID=0
