camera_pose:
  x: 0.22869099477593496
  y: 0.40075316684962059
  z: -0.0063006164493954291
  roll: -0.6547028860253119
  pitch: -1.5570123411345207
  yaw: -2.4722495190228035